P = 21.0
S = 27.0
d = 7.5
A(3.0, 1.0, 2.0) = 34.017868347161574
S = 23
S!3 = f(3) = 23
3
P = 26
S = 40
d = 9.433981132056603
S_tp = 22
V = 6
d = 3.7416573867739413
